1 0.88623304153 0.76989333211 1.14183149401 0.787002255824 0.892886812268 0.834903903185 1.15284814261 0.715069980575 0.890248346364 0.817082405591 0.781007928544 1.54968050185 0.952811139839 0.963781880635 
0.88623304153 1 0.953942275804 0.67775461938 0.74030776309 0.921444811181 0.875612720234 0.814405351025 0.887788133582 0.915709401039 0.758315820182 1.137347726 1.07244963979 1.17406979197 0.57898350947 
0.76989333211 0.953942275804 1 1.1464524526 1.14523008917 1.03479377479 0.660465925024 0.968550796429 1.38087139617 1.00204961588 0.942815762224 0.870297842119 0.845368095231 0.746071044125 0.99815917937 
1.14183149401 0.67775461938 1.1464524526 1 0.797590237935 0.735503518912 0.575794769748 0.757886946509 0.817553316599 1.14118904095 0.707768793307 0.863640979624 1.00677289699 0.892789518974 0.722338451764 
0.787002255824 0.74030776309 1.14523008917 0.797590237935 1 0.866289584496 1.01018362733 0.937302767506 0.550409798475 0.759886812776 0.962075834126 0.739971011284 0.679625310388 1.2474263174 1.09288499848 
0.892886812268 0.921444811181 1.03479377479 0.735503518912 0.866289584496 1 1.08136257388 0.96606522075 0.671226757401 0.736797252373 0.84505946314 0.74818461161 1.10636179108 1.03600745845 0.554843917787 
0.834903903185 0.875612720234 0.660465925024 0.575794769748 1.01018362733 1.08136257388 1 0.805580707556 0.652478269725 0.797926998033 1.09834919381 0.959873029982 0.866738929803 0.308311779516 1.00080877994 
1.15284814261 0.814405351025 0.968550796429 0.757886946509 0.937302767506 0.96606522075 0.805580707556 1 1.31380240204 0.951756940429 0.996658476582 0.621235960986 1.01148297023 1.34523220093 0.969448300386 
0.715069980575 0.887788133582 1.38087139617 0.817553316599 0.550409798475 0.671226757401 0.652478269725 1.31380240204 1 0.857189834501 0.782954449692 0.771200060088 0.635846746788 0.764734792568 0.775078034786 
0.890248346364 0.915709401039 1.00204961588 1.14118904095 0.759886812776 0.736797252373 0.797926998033 0.951756940429 0.857189834501 1 1.12558248293 0.81114562872 0.424197191455 0.640480946166 1.32445602206 
0.817082405591 0.758315820182 0.942815762224 0.707768793307 0.962075834126 0.84505946314 1.09834919381 0.996658476582 0.782954449692 1.12558248293 1 0.675262726178 0.52721958686 1.18218160072 0.900706342829 
0.781007928544 1.137347726 0.870297842119 0.863640979624 0.739971011284 0.74818461161 0.959873029982 0.621235960986 0.771200060088 0.81114562872 0.675262726178 1 0.634953184937 0.748742018384 0.914706522405 
1.54968050185 1.07244963979 0.845368095231 1.00677289699 0.679625310388 1.10636179108 0.866738929803 1.01148297023 0.635846746788 0.424197191455 0.52721958686 0.634953184937 1 0.590334741768 1.04315166996 
0.952811139839 1.17406979197 0.746071044125 0.892789518974 1.2474263174 1.03600745845 0.308311779516 1.34523220093 0.764734792568 0.640480946166 1.18218160072 0.748742018384 0.590334741768 1 0.76555637678 
0.963781880635 0.57898350947 0.99815917937 0.722338451764 1.09288499848 0.554843917787 1.00080877994 0.969448300386 0.775078034786 1.32445602206 0.900706342829 0.914706522405 1.04315166996 0.76555637678 1 
