1 0.207934912144 0.338090813479 0.273713168451 0.559149001249 0.761793181908 0.623530689922 0.621523584387 0.405277624008 0.164013096894 0.386701514775 0.660336821921 0.409687763714 0.286870470004 0.957074407994 
0.207934912144 1 0.255549953183 0.448419864004 0.173201239876 0.331829089984 0.302566796203 0.826724558222 0.467682666923 0.379005331029 0.473608558456 0.457633262559 0.469087745628 0.789953202574 0.568860538818 
0.338090813479 0.255549953183 1 0.627390174464 0.557950316381 0.2952828248 0.69898541738 0.665987746874 0.600186344225 0.42838184668 0.513887131671 0.265157422664 0.565651097055 0.46417052877 0.421508766007 
0.273713168451 0.448419864004 0.627390174464 1 0.730102488918 0.667264446274 0.33343826523 0.526443874129 0.387756163764 0.679521466106 0.611817340137 0.71075719306 0.099627849259 0.566885784864 0.480025084985 
0.559149001249 0.173201239876 0.557950316381 0.730102488918 1 0.357056164839 0.365268956717 0.488773067154 0.684872672723 0.160420567003 0.438356352796 0.643805648018 0.31932764845 0.520707077803 0.646460621514 
0.761793181908 0.331829089984 0.2952828248 0.667264446274 0.357056164839 1 0.464732210246 0.425359676953 0.664270056226 0.321481884868 0.776563538025 0.53622170191 0.492763069492 0.0980711845155 0.274302372578 
0.623530689922 0.302566796203 0.69898541738 0.33343826523 0.365268956717 0.464732210246 1 0.851244067032 0.367044687664 0.286105298941 0.482863705094 0.280170880682 0.565609747247 0.200898097639 0.701787592598 
0.621523584387 0.826724558222 0.665987746874 0.526443874129 0.488773067154 0.425359676953 0.851244067032 1 0.567583836721 0.661227862024 0.546398820358 0.457816255094 0.239205117271 0.257146309005 0.415793240433 
0.405277624008 0.467682666923 0.600186344225 0.387756163764 0.684872672723 0.664270056226 0.367044687664 0.567583836721 1 0.45122413638 0.707921727715 0.146468502531 0.597180950102 0.51647869482 0.343198180538 
0.164013096894 0.379005331029 0.42838184668 0.679521466106 0.160420567003 0.321481884868 0.286105298941 0.661227862024 0.45122413638 1 0.662059488241 0.327412655625 0.297259459499 0.790557109605 0.816359339123 
0.386701514775 0.473608558456 0.513887131671 0.611817340137 0.438356352796 0.776563538025 0.482863705094 0.546398820358 0.707921727715 0.662059488241 1 1.055102367 0.164580928449 0.440668418635 0.477638922823 
0.660336821921 0.457633262559 0.265157422664 0.71075719306 0.643805648018 0.53622170191 0.280170880682 0.457816255094 0.146468502531 0.327412655625 1.055102367 1 0.584234284446 0.0374657861089 0.652864905956 
0.409687763714 0.469087745628 0.565651097055 0.099627849259 0.31932764845 0.492763069492 0.565609747247 0.239205117271 0.597180950102 0.297259459499 0.164580928449 0.584234284446 1 0.709831582425 0.545216190484 
0.286870470004 0.789953202574 0.46417052877 0.566885784864 0.520707077803 0.0980711845155 0.200898097639 0.257146309005 0.51647869482 0.790557109605 0.440668418635 0.0374657861089 0.709831582425 1 0.775239245384 
0.957074407994 0.568860538818 0.421508766007 0.480025084985 0.646460621514 0.274302372578 0.701787592598 0.415793240433 0.343198180538 0.816359339123 0.477638922823 0.652864905956 0.545216190484 0.775239245384 1 
