1 0.107158089352 -0.322455207212 -0.125883107197 0.0535632489549 0.210847318864 0.143156012353 -0.115241266791 -0.341059429566 0.120201127012 0.00414610757911 -0.140278466721 0.209682785503 -0.102154050323 -0.0570585564663 
0.107158089352 1 0.0125455729383 -0.134389864808 0.040226327999 0.407082884473 0.0429217292222 -0.273530402669 -0.0131851573562 -0.160610790177 -0.051641773061 0.251040804194 0.0499294944015 -0.0782501866045 0.0721564475192 
-0.322455207212 0.0125455729383 1 0.123295164905 -0.352328516103 0.383953314363 -0.224824800178 -0.166537798946 0.484144371809 0.0334629151659 -0.0893314616315 0.517228719696 0.09723624369 0.169826553467 -0.31365914652 
-0.125883107197 -0.134389864808 0.123295164905 1 -0.296318071977 0.0879269164196 -0.040658330464 -0.160238353769 -0.151256680081 -0.0277524294387 0.0599366570304 -0.322152830585 0.0880937901221 0.217564170369 -0.00712888102116 
0.0535632489549 0.040226327999 -0.352328516103 -0.296318071977 1 0.123117989149 0.166583239533 -0.266947843915 0.196069159287 0.0612178144764 0.141334990098 0.0748790409068 0.347949653703 -0.021476977427 -0.285826026052 
0.210847318864 0.407082884473 0.383953314363 0.0879269164196 0.123117989149 1 0.272673021007 -0.0696406335368 -0.0126321656201 -0.256139682028 -0.00745252079887 -0.127944892753 0.10071660617 -0.00227711170661 -0.124364941467 
0.143156012353 0.0429217292222 -0.224824800178 -0.040658330464 0.166583239533 0.272673021007 1 -0.148229950913 0.0608973640414 -0.0600633175708 0.200249406826 -0.1610301807 0.263075760219 0.0424483392022 -0.222683503872 
-0.115241266791 -0.273530402669 -0.166537798946 -0.160238353769 -0.266947843915 -0.0696406335368 -0.148229950913 1 0.32299836263 0.0916040237525 -0.163902432097 -0.142970919642 -0.133499264254 0.072686966488 -0.0670396005476 
-0.341059429566 -0.0131851573562 0.484144371809 -0.151256680081 0.196069159287 -0.0126321656201 0.0608973640414 0.32299836263 1 -0.216650809771 0.291539421192 -0.142712050735 0.320446151262 -0.037308355193 0.0346812689066 
0.120201127012 -0.160610790177 0.0334629151659 -0.0277524294387 0.0612178144764 -0.256139682028 -0.0600633175708 0.0916040237525 -0.216650809771 1 -0.197944330049 -0.0836128510106 0.17649926746 0.282884746223 0.211016078439 
0.00414610757911 -0.051641773061 -0.0893314616315 0.0599366570304 0.141334990098 -0.00745252079887 0.200249406826 -0.163902432097 0.291539421192 -0.197944330049 1 0.167555757582 0.148337142524 -0.0754244266185 -0.20121288615 
-0.140278466721 0.251040804194 0.517228719696 -0.322152830585 0.0748790409068 -0.127944892753 -0.1610301807 -0.142970919642 -0.142712050735 -0.0836128510106 0.167555757582 1 0.112388042254 -0.0422660906813 0.149614295381 
0.209682785503 0.0499294944015 0.09723624369 0.0880937901221 0.347949653703 0.10071660617 0.263075760219 -0.133499264254 0.320446151262 0.17649926746 0.148337142524 0.112388042254 1 -0.0664320587551 -0.260612370841 
-0.102154050323 -0.0782501866045 0.169826553467 0.217564170369 -0.021476977427 -0.00227711170661 0.0424483392022 0.072686966488 -0.037308355193 0.282884746223 -0.0754244266185 -0.0422660906813 -0.0664320587551 1 0.345328448707 
-0.0570585564663 0.0721564475192 -0.31365914652 -0.00712888102116 -0.285826026052 -0.124364941467 -0.222683503872 -0.0670396005476 0.0346812689066 0.211016078439 -0.20121288615 0.149614295381 -0.260612370841 0.345328448707 1 
